1 11 
2 1 
3 2 13 
4 3 
5 4  
6 5 
7 6 17 
8 7 
9 8 19 
10 9 
11 12 21 
12 13 2 
13 14 23 
14 15 4 
15 16 25 
16 17 6 
17 18 
18 19 8 
19 20 29 
20 10 
21 31 
22 21 12 
23 22 33 
24 23 14 
25 24 
26 25 16 
27 26 37 
28 27 18 
29 28 39 
30 29 20 
31 32 41 
32 33 22 
33 34 43 
34 35 24 
35 36 45 
36 37 26 
37 38 47 
38 39 28 
39 40 49 
40 30 
41 51 
42 41 32 
43  53 
44 43 34 
45 44 55 
46 45 36 
47 46 
48 47 38 
49 48 59 
50 49 40 
51 52 
52 53 42 
53 54 63 
54 55 44 
55 56 65 
56 57 46 
57 58 67 
58 59 
59 60 69 
60 50 
61 71 
62 61 52 
63 62 73 
64 63 54 
65 64 75 
66 65 56 
67 66 77 
68 67 58 
69 68 79 
70 69 60 
71 72 81 
72 73 62 
73 74 83 
74 75 
75 76 85 
76 77 66 
77 78 87 
78 79 68 
79 80 89 
80 70 
81 91 
82 81 72 
83 82 93 
84 83 74 
85 84 95 
86 85 
87 
88 87  
89 88 99 
90 89 80 
91 92 
92 93 82 
93 94 
94 95 
95 96 
96 97 86 
97 98 
98 99 88 
99 100 
100 90 
