1 
2 1 
3 2 53 
4 3 
5 4 55 
6 5 
7 6 57 
8 7 
9 8 59 
10 9 
11 10 61 
12 11 
13 12 63 
14 13 
15 14 65 
16 15 
17 16 67 
18 17 
19 18 69 
20 19 
21 20 71 
22 21 
23 22 73 
24 23 
25 24 75 
26 25 
27 26 77 
28 27 
29 28 79 
30 29 
31 30 81 
32 31 
33 32 83 
34 33 
35 34 85 
36 35 
37 36 87 
38 37 
39 38 89 
40 39 
41 40 91 
42 41 
43 42 93 
44 43 
45 44 95 
46 45 
47 46 97 
48 47 
49 48 99 
50 
51 52 101 
52 53 2 
53 54 103 
54 55 4 
55 56 105 
56 57 6 
57 58 107 
58 59 8 
59 60 109 
60 61 10 
61 62 111 
62 63 12 
63 64 113 
64 65 14 
65 66 115 
66 
67 68 117 
68 69 18 
69 70 119 
70 71 20 
71 72 121 
72 73 22 
73 74 123 
74 75 24 
75 76 125 
76 77 26 
77 78 127 
78 79 28 
79 80 129 
80 81 30 
81 82 131 
82 83 32 
83 84 133 
84 85 34 
85 86 135 
86 87 36 
87 88 137 
88 89 38 
89 90 139 
90 91 40 
91 92 141 
92 93 42 
93 94 143 
94 95 44 
95 96 145 
96 97 46 
97 98 147 
98 99 48 
99 100 149 
100 50 
101 151 
102 101 52 
103 102 153 
104 103 54 
105 104 155 
106 105 56 
107 106 157 
108 107 58 
109 108 159 
110 109 60 
111 110 161 
112 111 62 
113 112 163 
114 113 64 
115 114 165 
116 115 66 
117 116 167 
118 117 68 
119 118 169 
120 119 70 
121 120 171 
122 121 72 
123 122 173 
124 123 74 
125 124 175 
126 125 76 
127 126 177 
128 127 78 
129 128 179 
130 129 80 
131 130 181 
132 131 82 
133 132 183 
134 133 84 
135 134 185 
136 135 86 
137 136 187 
138 137 88 
139 138 189 
140 139 90 
141 140 191 
142 141 92 
143 142 193 
144 143 94 
145 144 195 
146 145 96 
147 146 197 
148 147 98 
149 148 199 
150 149 100 
151 152 201 
152 153 102 
153 154 203 
154 155 104 
155 156 205 
156 157 106 
157 158 207 
158 159 108 
159 160 209 
160 161 110 
161 162 211 
162 163 112 
163 164 213 
164 165 114 
165 166 215 
166 167 116 
167 168 217 
168 169 118 
169 170 219 
170 171 120 
171 172 221 
172 173 122 
173 174 223 
174 175 124 
175 176 225 
176 177 126 
177 178 227 
178 179 128 
179 180 229 
180 181 130 
181 182 231 
182 183 132 
183 184 233 
184 185 134 
185 186 235 
186 187 136 
187 188 237 
188 189 138 
189 190 239 
190 191 140 
191 192 241 
192 193 142 
193 194 243 
194 195 144 
195 196 245 
196 197 146 
197 198 247 
198 199 148 
199 200 249 
200 150 
201 251 
202 201 152 
203 202 253 
204 203 154 
205 204 255 
206 205 156 
207 206 257 
208 207 158 
209 208 259 
210 209 160 
211 210 261 
212 211 162 
213 212 263 
214 213 164 
215 214 265 
216 215 166 
217 216 267 
218 217 168 
219 218 269 
220 219 170 
221 220 271 
222 221 172 
223 222 273 
224 223 174 
225 224 275 
226 225 176 
227 226 277 
228 227 178 
229 228 279 
230 229 180 
231 230 281 
232 231 182 
233 232 283 
234 233 184 
235 234 285 
236 235 186 
237 236 287 
238 237 188 
239 238 289 
240 239 190 
241 240 291 
242 241 192 
243 242 293 
244 243 194 
245 244 295 
246 245 196 
247 246 297 
248 247 198 
249 248 299 
250 249 200 
251 252 301 
252 253 202 
253 254 303 
254 255 204 
255 256 305 
256 257 206 
257 258 307 
258 259 208 
259 260 309 
260 261 210 
261 262 311 
262 263 212 
263 264 313 
264 265 214 
265 266 315 
266 267 216 
267 268 317 
268 269 218 
269 270 319 
270 271 220 
271 272 321 
272 273 222 
273 274 323 
274 275 224 
275 276 325 
276 277 226 
277 278 327 
278 279 228 
279 280 329 
280 281 230 
281 282 331 
282 283 232 
283 284 333 
284 285 234 
285 286 335 
286 287 236 
287 288 337 
288 289 238 
289 290 339 
290 291 240 
291 292 341 
292 293 242 
293 294 343 
294 295 244 
295 296 345 
296 297 246 
297 298 347 
298 299 248 
299 300 349 
300 250 
301 351 
302 301 252 
303 302 353 
304 303 254 
305 304 355 
306 305 256 
307 306 357 
308 307 258 
309 308 359 
310 309 260 
311 310 361 
312 311 262 
313 312 363 
314 313 264 
315 314 365 
316 315 266 
317 316 367 
318 317 268 
319 318 369 
320 319 270 
321 320 371 
322 321 272 
323 322 373 
324 323 274 
325 324 375 
326 325 276 
327 326 377 
328 327 278 
329 328 379 
330 329 280 
331 330 381 
332 331 282 
333 332 383 
334 333 284 
335 334 385 
336 335 286 
337 336 387 
338 337 288 
339 338 389 
340 339 290 
341 340 391 
342 341 292 
343 342 393 
344 343 294 
345 344 395 
346 345 296 
347 346 397 
348 347 298 
349 348 399 
350 349 300 
351 352 401 
352 353 302 
353 354 403 
354 355 304 
355 356 405 
356 357 306 
357 358 407 
358 359 308 
359 360 409 
360 361 310 
361 362 411 
362 363 312 
363 364 413 
364 365 314 
365 366 415 
366 367 316 
367 368 417 
368 369 318 
369 370 419 
370 371 320 
371 372 421 
372 373 322 
373 374 423 
374 375 324 
375 376 425 
376 377 326 
377 378 427 
378 379 328 
379 380 429 
380 381 330 
381 382 431 
382 383 332 
383 384 433 
384 385 334 
385 386 435 
386 387 336 
387 388 437 
388 389 338 
389 390 439 
390 391 340 
391 392 441 
392 393 342 
393 394 443 
394 395 344 
395 396 445 
396 397 346 
397 398 447 
398 399 348 
399 400 449 
400 350 
401 451 
402 401 352 
403 402 453 
404 403 354 
405 404 455 
406 405 356 
407 406 457 
408 407 358 
409 408 459 
410 409 360 
411 410 461 
412 411 362 
413 412 463 
414 413 364 
415 414 465 
416 415 366 
417 416 467 
418 417 368 
419 418 469 
420 419 370 
421 420 471 
422 421 372 
423 422 473 
424 423 374 
425 424 475 
426 425 376 
427 426 477 
428 427 378 
429 428 479 
430 429 380 
431 430 481 
432 431 382 
433 432 483 
434 433 384 
435 434 485 
436 435 386 
437 436 487 
438 437 388 
439 438 489 
440 439 390 
441 440 491 
442 441 392 
443 442 493 
444 443 394 
445 444 495 
446 445 396 
447 446 497 
448 447 398 
449 448 499 
450 449 400 
451 452 501 
452 453 402 
453 454 503 
454 455 404 
455 456 505 
456 457 406 
457 458 507 
458 459 408 
459 460 509 
460 461 410 
461 462 511 
462 463 412 
463 464 513 
464 465 414 
465 466 515 
466 467 416 
467 468 517 
468 469 418 
469 470 519 
470 471 420 
471 472 521 
472 473 422 
473 474 523 
474 475 424 
475 476 525 
476 477 426 
477 478 527 
478 479 428 
479 480 529 
480 481 430 
481 482 531 
482 483 432 
483 484 533 
484 485 434 
485 486 535 
486 487 436 
487 488 537 
488 489 438 
489 490 539 
490 491 440 
491 492 541 
492 493 442 
493 494 543 
494 495 444 
495 496 545 
496 497 446 
497 498 547 
498 499 448 
499 500 549 
500 450 
501 551 
502 501 452 
503 502 553 
504 503 454 
505 504 555 
506 505 456 
507 506 557 
508 507 458 
509 508 559 
510 509 460 
511 510 561 
512 511 462 
513 512 563 
514 513 464 
515 514 565 
516 515 466 
517 516 567 
518 517 468 
519 518 569 
520 519 470 
521 520 571 
522 521 472 
523 522 573 
524 523 474 
525 524 575 
526 525 476 
527 526 577 
528 527 478 
529 528 579 
530 529 480 
531 530 581 
532 531 482 
533 532 583 
534 533 484 
535 534 585 
536 535 486 
537 536 587 
538 537 488 
539 538 589 
540 539 490 
541 540 591 
542 541 492 
543 542 593 
544 543 494 
545 544 595 
546 545 496 
547 546 597 
548 547 498 
549 548 599 
550 549 500 
551 552 601 
552 553 502 
553 554 603 
554 555 504 
555 556 605 
556 557 506 
557 558 607 
558 559 508 
559 560 609 
560 561 510 
561 562 611 
562 563 512 
563 564 613 
564 565 514 
565 566 615 
566 567 516 
567 568 617 
568 569 518 
569 570 619 
570 571 520 
571 572 621 
572 573 522 
573 574 623 
574 575 524 
575 576 625 
576 577 526 
577 578 627 
578 579 528 
579 580 629 
580 581 530 
581 582 631 
582 583 532 
583 584 633 
584 585 534 
585 586 635 
586 587 536 
587 588 637 
588 589 538 
589 590 639 
590 591 540 
591 592 641 
592 593 542 
593 594 643 
594 595 544 
595 596 645 
596 597 546 
597 598 647 
598 599 548 
599 600 649 
600 550 
601 651 
602 601 552 
603 602 653 
604 603 554 
605 604 655 
606 605 556 
607 606 657 
608 607 558 
609 608 659 
610 609 560 
611 610 661 
612 611 562 
613 612 663 
614 613 564 
615 614 665 
616 615 566 
617 616 667 
618 617 568 
619 618 669 
620 619 570 
621 620 671 
622 621 572 
623 622 673 
624 623 574 
625 624 675 
626 625 576 
627 626 677 
628 627 578 
629 628 679 
630 629 580 
631 630 681 
632 631 582 
633 632 683 
634 633 584 
635 634 685 
636 635 586 
637 636 687 
638 637 588 
639 638 689 
640 639 590 
641 640 691 
642 641 592 
643 642 693 
644 643 594 
645 644 695 
646 645 596 
647 646 697 
648 647 598 
649 648 699 
650 649 600 
651 652 701 
652 653 602 
653 654 703 
654 655 604 
655 656 705 
656 657 606 
657 658 707 
658 659 608 
659 660 709 
660 661 610 
661 662 711 
662 663 612 
663 664 713 
664 665 614 
665 666 715 
666 667 616 
667 668 717 
668 669 618 
669 670 719 
670 671 620 
671 672 721 
672 673 622 
673 674 723 
674 675 624 
675 676 725 
676 677 626 
677 678 727 
678 679 628 
679 680 729 
680 681 630 
681 682 731 
682 683 632 
683 684 733 
684 685 634 
685 686 735 
686 687 636 
687 688 737 
688 689 638 
689 690 739 
690 691 640 
691 692 741 
692 693 642 
693 694 743 
694 695 644 
695 696 745 
696 697 646 
697 698 747 
698 699 648 
699 700 749 
700 650 
701 751 
702 701 652 
703 702 753 
704 703 654 
705 704 755 
706 705 656 
707 706 757 
708 707 658 
709 708 759 
710 709 660 
711 710 761 
712 711 662 
713 712 763 
714 713 664 
715 714 765 
716 715 666 
717 716 767 
718 717 668 
719 718 769 
720 719 670 
721 720 771 
722 721 672 
723 722 773 
724 723 674 
725 724 775 
726 725 676 
727 726 777 
728 727 678 
729 728 779 
730 729 680 
731 730 781 
732 731 682 
733 732 783 
734 733 684 
735 734 785 
736 735 686 
737 736 787 
738 737 688 
739 738 789 
740 739 690 
741 740 791 
742 741 692 
743 742 793 
744 743 694 
745 744 795 
746 745 696 
747 746 797 
748 747 698 
749 748 799 
750 749 700 
751 752 801 
752 753 702 
753 754 803 
754 755 704 
755 756 805 
756 757 706 
757 758 807 
758 759 708 
759 760 809 
760 761 710 
761 762 811 
762 763 712 
763 764 813 
764 765 714 
765 766 815 
766 767 716 
767 768 817 
768 769 718 
769 770 819 
770 771 720 
771 772 821 
772 773 722 
773 774 823 
774 775 724 
775 776 825 
776 777 726 
777 778 827 
778 779 728 
779 780 829 
780 781 730 
781 782 831 
782 783 732 
783 784 833 
784 785 734 
785 786 835 
786 787 736 
787 788 837 
788 789 738 
789 790 839 
790 791 740 
791 792 841 
792 793 742 
793 794 843 
794 795 744 
795 796 845 
796 797 746 
797 798 847 
798 799 748 
799 800 849 
800 750 
801 851 
802 801 752 
803 802 853 
804 803 754 
805 804 855 
806 805 756 
807 806 857 
808 807 758 
809 808 859 
810 809 760 
811 810 861 
812 811 762 
813 812 863 
814 813 764 
815 814 865 
816 815 766 
817 816 867 
818 817 768 
819 818 869 
820 819 770 
821 820 871 
822 821 772 
823 822 873 
824 823 774 
825 824 875 
826 825 776 
827 826 877 
828 827 778 
829 828 879 
830 829 780 
831 830 881 
832 831 782 
833 832 883 
834 833 784 
835 834 885 
836 835 786 
837 836 887 
838 837 788 
839 838 889 
840 839 790 
841 840 891 
842 841 792 
843 842 893 
844 843 794 
845 844 895 
846 845 796 
847 846 897 
848 847 798 
849 848 899 
850 849 800 
851 852 901 
852 853 802 
853 854 903 
854 855 804 
855 856 905 
856 857 806 
857 858 907 
858 859 808 
859 860 909 
860 861 810 
861 862 911 
862 863 812 
863 864 913 
864 865 814 
865 866 915 
866 867 816 
867 868 917 
868 869 818 
869 870 919 
870 871 820 
871 872 921 
872 873 822 
873 874 923 
874 875 824 
875 876 925 
876 877 826 
877 878 927 
878 879 828 
879 880 929 
880 881 830 
881 882 931 
882 883 832 
883 884 933 
884 885 834 
885 886 935 
886 887 836 
887 888 937 
888 889 838 
889 890 939 
890 891 840 
891 892 941 
892 893 842 
893 894 943 
894 895 844 
895 896 945 
896 897 846 
897 898 947 
898 899 848 
899 900 949 
900 850 
901 951 
902 901 852 
903 902 953 
904 903 854 
905 904 955 
906 905 856 
907 906 957 
908 907 858 
909 908 959 
910 909 860 
911 910 961 
912 911 862 
913 912 963 
914 913 864 
915 914 965 
916 915 866 
917 916 967 
918 917 868 
919 918 969 
920 919 870 
921 920 971 
922 921 872 
923 922 973 
924 923 874 
925 924 975 
926 925 876 
927 926 977 
928 927 878 
929 928 979 
930 929 880 
931 930 981 
932 931 882 
933 932 983 
934 933 884 
935 934 985 
936 935 886 
937 936 987 
938 937 888 
939 938 989 
940 939 890 
941 940 991 
942 941 892 
943 942 993 
944 943 894 
945 944 995 
946 945 896 
947 946 997 
948 947 898 
949 948 999 
950 949 900 
951 952 1001 
952 953 902 
953 954 1003 
954 955 904 
955 956 1005 
956 957 906 
957 958 1007 
958 959 908 
959 960 1009 
960 961 910 
961 962 1011 
962 963 912 
963 964 1013 
964 965 914 
965 966 1015 
966 967 916 
967 968 1017 
968 969 918 
969 970 1019 
970 971 920 
971 972 1021 
972 973 922 
973 974 1023 
974 975 924 
975 976 1025 
976 977 926 
977 978 1027 
978 979 928 
979 980 1029 
980 981 930 
981 982 1031 
982 983 932 
983 984 1033 
984 985 934 
985 986 1035 
986 987 936 
987 988 1037 
988 989 938 
989 990 1039 
990 991 940 
991 992 1041 
992 993 942 
993 994 1043 
994 995 944 
995 996 1045 
996 997 946 
997 998 1047 
998 999 948 
999 1000 1049 
1000 950 
1001 1051 
1002 1001 952 
1003 1002 1053 
1004 1003 954 
1005 1004 1055 
1006 1005 956 
1007 1006 1057 
1008 1007 958 
1009 1008 1059 
1010 1009 960 
1011 1010 1061 
1012 1011 962 
1013 1012 1063 
1014 1013 964 
1015 1014 1065 
1016 1015 966 
1017 1016 1067 
1018 1017 968 
1019 1018 1069 
1020 1019 970 
1021 1020 1071 
1022 1021 972 
1023 1022 1073 
1024 1023 974 
1025 1024 1075 
1026 1025 976 
1027 1026 1077 
1028 1027 978 
1029 1028 1079 
1030 1029 980 
1031 1030 1081 
1032 1031 982 
1033 1032 1083 
1034 1033 984 
1035 1034 1085 
1036 1035 986 
1037 1036 1087 
1038 1037 988 
1039 1038 1089 
1040 1039 990 
1041 1040 1091 
1042 1041 992 
1043 1042 1093 
1044 1043 994 
1045 1044 1095 
1046 1045 996 
1047 1046 1097 
1048 1047 998 
1049 1048 1099 
1050 1049 1000 
1051 1052 1101 
1052 1053 1002 
1053 1054 1103 
1054 1055 1004 
1055 1056 1105 
1056 1057 1006 
1057 1058 1107 
1058 1059 1008 
1059 1060 1109 
1060 1061 1010 
1061 1062 1111 
1062 1063 1012 
1063 1064 1113 
1064 1065 1014 
1065 1066 1115 
1066 1067 1016 
1067 1068 1117 
1068 1069 1018 
1069 1070 1119 
1070 1071 1020 
1071 1072 1121 
1072 1073 1022 
1073 1074 1123 
1074 1075 1024 
1075 1076 1125 
1076 1077 1026 
1077 1078 1127 
1078 1079 1028 
1079 1080 1129 
1080 1081 1030 
1081 1082 1131 
1082 1083 1032 
1083 1084 1133 
1084 1085 1034 
1085 1086 1135 
1086 1087 1036 
1087 1088 1137 
1088 1089 1038 
1089 1090 1139 
1090 1091 1040 
1091 1092 1141 
1092 1093 1042 
1093 1094 1143 
1094 1095 1044 
1095 1096 1145 
1096 1097 1046 
1097 1098 1147 
1098 1099 1048 
1099 1100 1149 
1100 1050 
1101 1151 
1102 1101 1052 
1103 1102 1153 
1104 1103 1054 
1105 1104 1155 
1106 1105 1056 
1107 1106 1157 
1108 1107 1058 
1109 1108 1159 
1110 1109 1060 
1111 1110 1161 
1112 1111 1062 
1113 1112 1163 
1114 1113 1064 
1115 1114 1165 
1116 1115 1066 
1117 1116 1167 
1118 1117 1068 
1119 1118 1169 
1120 1119 1070 
1121 1120 1171 
1122 1121 1072 
1123 1122 1173 
1124 1123 1074 
1125 1124 1175 
1126 1125 1076 
1127 1126 1177 
1128 1127 1078 
1129 1128 1179 
1130 1129 1080 
1131 1130 1181 
1132 1131 1082 
1133 1132 1183 
1134 1133 1084 
1135 1134 1185 
1136 1135 1086 
1137 1136 1187 
1138 1137 1088 
1139 1138 1189 
1140 1139 1090 
1141 1140 1191 
1142 1141 1092 
1143 1142 1193 
1144 1143 1094 
1145 1144 1195 
1146 1145 1096 
1147 1146 1197 
1148 1147 1098 
1149 1148 1199 
1150 1149 1100 
1151 1152 1201 
1152 1153 1102 
1153 1154 1203 
1154 1155 1104 
1155 1156 1205 
1156 1157 1106 
1157 1158 1207 
1158 1159 1108 
1159 1160 1209 
1160 1161 1110 
1161 1162 1211 
1162 1163 1112 
1163 1164 1213 
1164 1165 1114 
1165 1166 1215 
1166 1167 1116 
1167 1168 1217 
1168 1169 1118 
1169 1170 1219 
1170 1171 1120 
1171 1172 1221 
1172 1173 1122 
1173 1174 1223 
1174 1175 1124 
1175 1176 1225 
1176 1177 1126 
1177 1178 1227 
1178 1179 1128 
1179 1180 1229 
1180 1181 1130 
1181 1182 1231 
1182 1183 1132 
1183 1184 1233 
1184 1185 1134 
1185 1186 1235 
1186 1187 1136 
1187 1188 1237 
1188 1189 1138 
1189 1190 1239 
1190 1191 1140 
1191 1192 1241 
1192 1193 1142 
1193 1194 1243 
1194 1195 1144 
1195 1196 1245 
1196 1197 1146 
1197 1198 1247 
1198 1199 1148 
1199 1200 1249 
1200 1150 
1201 1251 
1202 1201 1152 
1203 1202 1253 
1204 1203 1154 
1205 1204 1255 
1206 1205 1156 
1207 1206 1257 
1208 1207 1158 
1209 1208 1259 
1210 1209 1160 
1211 1210 1261 
1212 1211 1162 
1213 1212 1263 
1214 1213 1164 
1215 1214 1265 
1216 1215 1166 
1217 1216 1267 
1218 1217 1168 
1219 1218 1269 
1220 1219 1170 
1221 1220 1271 
1222 1221 1172 
1223 1222 1273 
1224 1223 1174 
1225 1224 1275 
1226 1225 1176 
1227 1226 1277 
1228 1227 1178 
1229 1228 1279 
1230 1229 1180 
1231 1230 1281 
1232 1231 1182 
1233 1232 1283 
1234 1233 1184 
1235 1234 1285 
1236 1235 1186 
1237 1236 1287 
1238 1237 1188 
1239 1238 1289 
1240 1239 1190 
1241 1240 1291 
1242 1241 1192 
1243 1242 1293 
1244 1243 1194 
1245 1244 1295 
1246 1245 1196 
1247 1246 1297 
1248 1247 1198 
1249 1248 1299 
1250 1249 1200 
1251 1252 1301 
1252 1253 1202 
1253 1254 1303 
1254 1255 1204 
1255 1256 1305 
1256 1257 1206 
1257 1258 1307 
1258 1259 1208 
1259 1260 1309 
1260 1261 1210 
1261 1262 1311 
1262 1263 1212 
1263 1264 1313 
1264 1265 1214 
1265 1266 1315 
1266 1267 1216 
1267 1268 1317 
1268 1269 1218 
1269 1270 1319 
1270 1271 1220 
1271 1272 1321 
1272 1273 1222 
1273 1274 1323 
1274 1275 1224 
1275 1276 1325 
1276 1277 1226 
1277 1278 1327 
1278 1279 1228 
1279 1280 1329 
1280 1281 1230 
1281 1282 1331 
1282 1283 1232 
1283 1284 1333 
1284 1285 1234 
1285 1286 1335 
1286 1287 1236 
1287 1288 1337 
1288 1289 1238 
1289 1290 1339 
1290 1291 1240 
1291 1292 1341 
1292 1293 1242 
1293 1294 1343 
1294 1295 1244 
1295 1296 1345 
1296 1297 1246 
1297 1298 1347 
1298 1299 1248 
1299 1300 1349 
1300 1250 
1301 1351 
1302 1301 1252 
1303 1302 1353 
1304 1303 1254 
1305 1304 1355 
1306 1305 1256 
1307 1306 1357 
1308 1307 1258 
1309 1308 1359 
1310 1309 1260 
1311 1310 1361 
1312 1311 1262 
1313 1312 1363 
1314 1313 1264 
1315 1314 1365 
1316 1315 1266 
1317 1316 1367 
1318 1317 1268 
1319 1318 1369 
1320 1319 1270 
1321 1320 1371 
1322 1321 1272 
1323 1322 1373 
1324 1323 1274 
1325 1324 1375 
1326 1325 1276 
1327 1326 1377 
1328 1327 1278 
1329 1328 1379 
1330 1329 1280 
1331 1330 1381 
1332 1331 1282 
1333 1332 1383 
1334 1333 1284 
1335 1334 1385 
1336 1335 1286 
1337 1336 1387 
1338 1337 1288 
1339 1338 1389 
1340 1339 1290 
1341 1340 1391 
1342 1341 1292 
1343 1342 1393 
1344 1343 1294 
1345 1344 1395 
1346 1345 1296 
1347 1346 1397 
1348 1347 1298 
1349 1348 1399 
1350 1349 1300 
1351 1352 1401 
1352 1353 1302 
1353 1354 1403 
1354 1355 1304 
1355 1356 1405 
1356 1357 1306 
1357 1358 1407 
1358 1359 1308 
1359 1360 1409 
1360 1361 1310 
1361 1362 1411 
1362 1363 1312 
1363 1364 1413 
1364 1365 1314 
1365 1366 1415 
1366 1367 1316 
1367 1368 1417 
1368 1369 1318 
1369 1370 1419 
1370 1371 1320 
1371 1372 1421 
1372 1373 1322 
1373 1374 1423 
1374 1375 1324 
1375 1376 1425 
1376 1377 1326 
1377 1378 1427 
1378 1379 1328 
1379 1380 1429 
1380 1381 1330 
1381 1382 1431 
1382 1383 1332 
1383 1384 1433 
1384 1385 1334 
1385 1386 1435 
1386 1387 1336 
1387 1388 1437 
1388 1389 1338 
1389 1390 1439 
1390 1391 1340 
1391 1392 1441 
1392 1393 1342 
1393 1394 1443 
1394 1395 1344 
1395 1396 1445 
1396 1397 1346 
1397 1398 1447 
1398 1399 1348 
1399 1400 1449 
1400 1350 
1401 1451 
1402 1401 1352 
1403 1402 1453 
1404 1403 1354 
1405 1404 1455 
1406 1405 1356 
1407 1406 1457 
1408 1407 1358 
1409 1408 1459 
1410 1409 1360 
1411 1410 1461 
1412 1411 1362 
1413 1412 1463 
1414 1413 1364 
1415 1414 1465 
1416 1415 1366 
1417 1416 1467 
1418 1417 1368 
1419 1418 1469 
1420 1419 1370 
1421 1420 1471 
1422 1421 1372 
1423 1422 1473 
1424 1423 1374 
1425 1424 1475 
1426 1425 1376 
1427 1426 1477 
1428 1427 1378 
1429 1428 1479 
1430 1429 1380 
1431 1430 1481 
1432 1431 1382 
1433 1432 1483 
1434 1433 1384 
1435 1434 1485 
1436 1435 1386 
1437 1436 1487 
1438 1437 1388 
1439 1438 1489 
1440 1439 1390 
1441 1440 1491 
1442 1441 1392 
1443 1442 1493 
1444 1443 1394 
1445 1444 1495 
1446 1445 1396 
1447 1446 1497 
1448 1447 1398 
1449 1448 1499 
1450 1449 1400 
1451 1452 1501 
1452 1453 1402 
1453 1454 1503 
1454 1455 1404 
1455 1456 1505 
1456 1457 1406 
1457 1458 1507 
1458 1459 1408 
1459 1460 1509 
1460 1461 1410 
1461 1462 1511 
1462 1463 1412 
1463 1464 1513 
1464 1465 1414 
1465 1466 1515 
1466 1467 1416 
1467 1468 1517 
1468 1469 1418 
1469 1470 1519 
1470 1471 1420 
1471 1472 1521 
1472 1473 1422 
1473 1474 1523 
1474 1475 1424 
1475 1476 1525 
1476 1477 1426 
1477 1478 1527 
1478 1479 1428 
1479 1480 1529 
1480 1481 1430 
1481 1482 1531 
1482 1483 1432 
1483 1484 1533 
1484 1485 1434 
1485 1486 1535 
1486 1487 1436 
1487 1488 1537 
1488 1489 1438 
1489 1490 1539 
1490 1491 1440 
1491 1492 1541 
1492 1493 1442 
1493 1494 1543 
1494 1495 1444 
1495 1496 1545 
1496 1497 1446 
1497 1498 1547 
1498 1499 1448 
1499 1500 1549 
1500 1450 
1501 1551 
1502 1501 1452 
1503 1502 1553 
1504 1503 1454 
1505 1504 1555 
1506 1505 1456 
1507 1506 1557 
1508 1507 1458 
1509 1508 1559 
1510 1509 1460 
1511 1510 1561 
1512 1511 1462 
1513 1512 1563 
1514 1513 1464 
1515 1514 1565 
1516 1515 1466 
1517 1516 1567 
1518 1517 1468 
1519 1518 1569 
1520 1519 1470 
1521 1520 1571 
1522 1521 1472 
1523 1522 1573 
1524 1523 1474 
1525 1524 1575 
1526 1525 1476 
1527 1526 1577 
1528 1527 1478 
1529 1528 1579 
1530 1529 1480 
1531 1530 1581 
1532 1531 1482 
1533 1532 1583 
1534 1533 1484 
1535 1534 1585 
1536 1535 1486 
1537 1536 1587 
1538 1537 1488 
1539 1538 1589 
1540 1539 1490 
1541 1540 1591 
1542 1541 1492 
1543 1542 1593 
1544 1543 1494 
1545 1544 1595 
1546 1545 1496 
1547 1546 1597 
1548 1547 1498 
1549 1548 1599 
1550 1549 1500 
1551 1552 1601 
1552 1553 1502 
1553 1554 1603 
1554 1555 1504 
1555 1556 1605 
1556 1557 1506 
1557 1558 1607 
1558 1559 1508 
1559 1560 1609 
1560 1561 1510 
1561 1562 1611 
1562 1563 1512 
1563 1564 1613 
1564 1565 1514 
1565 1566 1615 
1566 1567 1516 
1567 1568 1617 
1568 1569 1518 
1569 1570 1619 
1570 1571 1520 
1571 1572 1621 
1572 1573 1522 
1573 1574 1623 
1574 1575 1524 
1575 1576 1625 
1576 1577 1526 
1577 1578 1627 
1578 1579 1528 
1579 1580 1629 
1580 1581 1530 
1581 1582 1631 
1582 1583 1532 
1583 1584 1633 
1584 1585 1534 
1585 1586 1635 
1586 1587 1536 
1587 1588 1637 
1588 1589 1538 
1589 1590 1639 
1590 1591 1540 
1591 1592 1641 
1592 1593 1542 
1593 1594 1643 
1594 1595 1544 
1595 1596 1645 
1596 1597 1546 
1597 1598 1647 
1598 1599 1548 
1599 1600 1649 
1600 1550 
1601 1651 
1602 1601 1552 
1603 1602 1653 
1604 1603 1554 
1605 1604 1655 
1606 1605 1556 
1607 1606 1657 
1608 1607 1558 
1609 1608 1659 
1610 1609 1560 
1611 1610 1661 
1612 1611 1562 
1613 1612 1663 
1614 1613 1564 
1615 1614 1665 
1616 1615 1566 
1617 1616 1667 
1618 1617 1568 
1619 1618 1669 
1620 1619 1570 
1621 1620 1671 
1622 1621 1572 
1623 1622 1673 
1624 1623 1574 
1625 1624 1675 
1626 1625 1576 
1627 1626 1677 
1628 1627 1578 
1629 1628 1679 
1630 1629 1580 
1631 1630 1681 
1632 1631 1582 
1633 1632 1683 
1634 1633 1584 
1635 1634 1685 
1636 1635 1586 
1637 1636 1687 
1638 1637 1588 
1639 1638 1689 
1640 1639 1590 
1641 1640 1691 
1642 1641 1592 
1643 1642 1693 
1644 1643 1594 
1645 1644 1695 
1646 1645 1596 
1647 1646 1697 
1648 1647 1598 
1649 1648 1699 
1650 1649 1600 
1651 1652 1701 
1652 1653 1602 
1653 1654 1703 
1654 1655 1604 
1655 1656 1705 
1656 1657 1606 
1657 1658 1707 
1658 1659 1608 
1659 1660 1709 
1660 1661 1610 
1661 1662 1711 
1662 1663 1612 
1663 1664 1713 
1664 1665 1614 
1665 1666 1715 
1666 1667 1616 
1667 1668 1717 
1668 1669 1618 
1669 1670 1719 
1670 1671 1620 
1671 1672 1721 
1672 1673 1622 
1673 1674 1723 
1674 1675 1624 
1675 1676 1725 
1676 1677 1626 
1677 1678 1727 
1678 1679 1628 
1679 1680 1729 
1680 1681 1630 
1681 1682 1731 
1682 1683 1632 
1683 1684 1733 
1684 1685 1634 
1685 1686 1735 
1686 1687 1636 
1687 1688 1737 
1688 1689 1638 
1689 1690 1739 
1690 1691 1640 
1691 1692 1741 
1692 1693 1642 
1693 1694 1743 
1694 1695 1644 
1695 1696 1745 
1696 1697 1646 
1697 1698 1747 
1698 1699 1648 
1699 1700 1749 
1700 1650 
1701 1751 
1702 1701 1652 
1703 1702 1753 
1704 1703 1654 
1705 1704 1755 
1706 1705 1656 
1707 1706 1757 
1708 1707 1658 
1709 1708 1759 
1710 1709 1660 
1711 1710 1761 
1712 1711 1662 
1713 1712 1763 
1714 1713 1664 
1715 1714 1765 
1716 1715 1666 
1717 1716 1767 
1718 1717 1668 
1719 1718 1769 
1720 1719 1670 
1721 1720 1771 
1722 1721 1672 
1723 1722 1773 
1724 1723 1674 
1725 1724 1775 
1726 1725 1676 
1727 1726 1777 
1728 1727 1678 
1729 1728 1779 
1730 1729 1680 
1731 1730 1781 
1732 1731 1682 
1733 1732 1783 
1734 1733 1684 
1735 1734 1785 
1736 1735 1686 
1737 1736 1787 
1738 1737 1688 
1739 1738 1789 
1740 1739 1690 
1741 1740 1791 
1742 1741 1692 
1743 1742 1793 
1744 1743 1694 
1745 1744 1795 
1746 1745 1696 
1747 1746 1797 
1748 1747 1698 
1749 1748 1799 
1750 1749 1700 
1751 1752 1801 
1752 1753 1702 
1753 1754 1803 
1754 1755 1704 
1755 1756 1805 
1756 1757 1706 
1757 1758 1807 
1758 1759 1708 
1759 1760 1809 
1760 1761 1710 
1761 1762 1811 
1762 1763 1712 
1763 1764 1813 
1764 1765 1714 
1765 1766 1815 
1766 1767 1716 
1767 1768 1817 
1768 1769 1718 
1769 1770 1819 
1770 1771 1720 
1771 1772 1821 
1772 1773 1722 
1773 1774 1823 
1774 1775 1724 
1775 1776 1825 
1776 1777 1726 
1777 1778 1827 
1778 1779 1728 
1779 1780 1829 
1780 1781 1730 
1781 1782 1831 
1782 1783 1732 
1783 1784 1833 
1784 1785 1734 
1785 1786 1835 
1786 1787 1736 
1787 1788 1837 
1788 1789 1738 
1789 1790 1839 
1790 1791 1740 
1791 1792 1841 
1792 1793 1742 
1793 1794 1843 
1794 1795 1744 
1795 1796 1845 
1796 1797 1746 
1797 1798 1847 
1798 1799 1748 
1799 1800 1849 
1800 1750 
1801 1851 
1802 1801 1752 
1803 1802 1853 
1804 1803 1754 
1805 1804 1855 
1806 1805 1756 
1807 1806 1857 
1808 1807 1758 
1809 1808 1859 
1810 1809 1760 
1811 1810 1861 
1812 1811 1762 
1813 1812 1863 
1814 1813 1764 
1815 1814 1865 
1816 1815 1766 
1817 1816 1867 
1818 1817 1768 
1819 1818 1869 
1820 1819 1770 
1821 1820 1871 
1822 1821 1772 
1823 1822 1873 
1824 1823 1774 
1825 1824 1875 
1826 1825 1776 
1827 1826 1877 
1828 1827 1778 
1829 1828 1879 
1830 1829 1780 
1831 1830 1881 
1832 1831 1782 
1833 1832 1883 
1834 1833 1784 
1835 1834 1885 
1836 1835 1786 
1837 1836 1887 
1838 1837 1788 
1839 1838 1889 
1840 1839 1790 
1841 1840 1891 
1842 1841 1792 
1843 1842 1893 
1844 1843 1794 
1845 1844 1895 
1846 1845 1796 
1847 1846 1897 
1848 1847 1798 
1849 1848 1899 
1850 1849 1800 
1851 1852 1901 
1852 1853 1802 
1853 1854 1903 
1854 1855 1804 
1855 1856 1905 
1856 1857 1806 
1857 1858 1907 
1858 1859 1808 
1859 1860 1909 
1860 1861 1810 
1861 1862 1911 
1862 1863 1812 
1863 1864 1913 
1864 1865 1814 
1865 1866 1915 
1866 1867 1816 
1867 1868 1917 
1868 1869 1818 
1869 1870 1919 
1870 1871 1820 
1871 1872 1921 
1872 1873 1822 
1873 1874 1923 
1874 1875 1824 
1875 1876 1925 
1876 1877 1826 
1877 1878 1927 
1878 1879 1828 
1879 1880 1929 
1880 1881 1830 
1881 1882 1931 
1882 1883 1832 
1883 1884 1933 
1884 1885 1834 
1885 1886 1935 
1886 1887 1836 
1887 1888 1937 
1888 1889 1838 
1889 1890 1939 
1890 1891 1840 
1891 1892 1941 
1892 1893 1842 
1893 1894 1943 
1894 1895 1844 
1895 1896 1945 
1896 1897 1846 
1897 1898 1947 
1898 1899 1848 
1899 1900 1949 
1900 1850 
1901 1951 
1902 1901 1852 
1903 1902 1953 
1904 1903 1854 
1905 1904 1955 
1906 1905 1856 
1907 1906 1957 
1908 1907 1858 
1909 1908 1959 
1910 1909 1860 
1911 1910 1961 
1912 1911 1862 
1913 1912 1963 
1914 1913 1864 
1915 1914 1965 
1916 1915 1866 
1917 1916 1967 
1918 1917 1868 
1919 1918 1969 
1920 1919 1870 
1921 1920 1971 
1922 1921 1872 
1923 1922 1973 
1924 1923 1874 
1925 1924 1975 
1926 1925 1876 
1927 1926 1977 
1928 1927 1878 
1929 1928 1979 
1930 1929 1880 
1931 1930 1981 
1932 1931 1882 
1933 1932 1983 
1934 1933 1884 
1935 1934 1985 
1936 1935 1886 
1937 1936 1987 
1938 1937 1888 
1939 1938 1989 
1940 1939 1890 
1941 1940 1991 
1942 1941 1892 
1943 1942 1993 
1944 1943 1894 
1945 1944 1995 
1946 1945 1896 
1947 1946 1997 
1948 1947 1898 
1949 1948 1999 
1950 1949 1900 
1951 1952 2001 
1952 1953 1902 
1953 1954 2003 
1954 1955 1904 
1955 1956 2005 
1956 1957 1906 
1957 1958 2007 
1958 1959 1908 
1959 1960 2009 
1960 1961 1910 
1961 1962 2011 
1962 1963 1912 
1963 1964 2013 
1964 1965 1914 
1965 1966 2015 
1966 1967 1916 
1967 1968 2017 
1968 1969 1918 
1969 1970 2019 
1970 1971 1920 
1971 1972 2021 
1972 1973 1922 
1973 1974 2023 
1974 1975 1924 
1975 1976 2025 
1976 1977 1926 
1977 1978 2027 
1978 1979 1928 
1979 1980 2029 
1980 1981 1930 
1981 1982 2031 
1982 1983 1932 
1983 1984 2033 
1984 1985 1934 
1985 1986 2035 
1986 1987 1936 
1987 1988 2037 
1988 1989 1938 
1989 1990 2039 
1990 1991 1940 
1991 1992 2041 
1992 1993 1942 
1993 1994 2043 
1994 1995 1944 
1995 1996 2045 
1996 1997 1946 
1997 1998 2047 
1998 1999 1948 
1999 2000 2049 
2000 1950 
2001 2051 
2002 2001 1952 
2003 2002 2053 
2004 2003 1954 
2005 2004 2055 
2006 2005 1956 
2007 2006 2057 
2008 2007 1958 
2009 2008 2059 
2010 2009 1960 
2011 2010 2061 
2012 2011 1962 
2013 2012 2063 
2014 2013 1964 
2015 2014 2065 
2016 2015 1966 
2017 2016 2067 
2018 2017 1968 
2019 2018 2069 
2020 2019 1970 
2021 2020 2071 
2022 2021 1972 
2023 2022 2073 
2024 2023 1974 
2025 2024 2075 
2026 2025 1976 
2027 2026 2077 
2028 2027 1978 
2029 2028 2079 
2030 2029 1980 
2031 2030 2081 
2032 2031 1982 
2033 2032 2083 
2034 2033 1984 
2035 2034 2085 
2036 2035 1986 
2037 2036 2087 
2038 2037 1988 
2039 2038 2089 
2040 2039 1990 
2041 2040 2091 
2042 2041 1992 
2043 2042 2093 
2044 2043 1994 
2045 2044 2095 
2046 2045 1996 
2047 2046 2097 
2048 2047 1998 
2049 2048 2099 
2050 2049 2000 
2051 2052 2101 
2052 2053 2002 
2053 2054 2103 
2054 2055 2004 
2055 2056 2105 
2056 2057 2006 
2057 2058 2107 
2058 2059 2008 
2059 2060 2109 
2060 2061 2010 
2061 2062 2111 
2062 2063 2012 
2063 2064 2113 
2064 2065 2014 
2065 2066 2115 
2066 2067 2016 
2067 2068 2117 
2068 2069 2018 
2069 2070 2119 
2070 2071 2020 
2071 2072 2121 
2072 2073 2022 
2073 2074 2123 
2074 2075 2024 
2075 2076 2125 
2076 2077 2026 
2077 2078 2127 
2078 2079 2028 
2079 2080 2129 
2080 2081 2030 
2081 2082 2131 
2082 2083 2032 
2083 2084 2133 
2084 2085 2034 
2085 2086 2135 
2086 2087 2036 
2087 2088 2137 
2088 2089 2038 
2089 2090 2139 
2090 2091 2040 
2091 2092 2141 
2092 2093 2042 
2093 2094 2143 
2094 2095 2044 
2095 2096 2145 
2096 2097 2046 
2097 2098 2147 
2098 2099 2048 
2099 2100 2149 
2100 2050 
2101 2151 
2102 2101 2052 
2103 2102 2153 
2104 2103 2054 
2105 2104 2155 
2106 2105 2056 
2107 2106 2157 
2108 2107 2058 
2109 2108 2159 
2110 2109 2060 
2111 2110 2161 
2112 2111 2062 
2113 2112 2163 
2114 2113 2064 
2115 2114 2165 
2116 2115 2066 
2117 2116 2167 
2118 2117 2068 
2119 2118 2169 
2120 2119 2070 
2121 2120 2171 
2122 2121 2072 
2123 2122 2173 
2124 2123 2074 
2125 2124 2175 
2126 2125 2076 
2127 2126 2177 
2128 2127 2078 
2129 2128 2179 
2130 2129 2080 
2131 2130 2181 
2132 2131 2082 
2133 2132 2183 
2134 2133 2084 
2135 2134 2185 
2136 2135 2086 
2137 2136 2187 
2138 2137 2088 
2139 2138 2189 
2140 2139 2090 
2141 2140 2191 
2142 2141 2092 
2143 2142 2193 
2144 2143 2094 
2145 2144 2195 
2146 2145 2096 
2147 2146 2197 
2148 2147 2098 
2149 2148 2199 
2150 2149 2100 
2151 2152 2201 
2152 2153 2102 
2153 2154 2203 
2154 2155 2104 
2155 2156 2205 
2156 2157 2106 
2157 2158 2207 
2158 2159 2108 
2159 2160 2209 
2160 2161 2110 
2161 2162 2211 
2162 2163 2112 
2163 2164 2213 
2164 2165 2114 
2165 2166 2215 
2166 2167 2116 
2167 2168 2217 
2168 2169 2118 
2169 2170 2219 
2170 2171 2120 
2171 2172 2221 
2172 2173 2122 
2173 2174 2223 
2174 2175 2124 
2175 2176 2225 
2176 2177 2126 
2177 2178 2227 
2178 2179 2128 
2179 2180 2229 
2180 2181 2130 
2181 2182 2231 
2182 2183 2132 
2183 2184 2233 
2184 2185 2134 
2185 2186 2235 
2186 2187 2136 
2187 2188 2237 
2188 2189 2138 
2189 2190 2239 
2190 2191 2140 
2191 2192 2241 
2192 2193 2142 
2193 2194 2243 
2194 2195 2144 
2195 2196 2245 
2196 2197 2146 
2197 2198 2247 
2198 2199 2148 
2199 2200 2249 
2200 2150 
2201 2251 
2202 2201 2152 
2203 2202 2253 
2204 2203 2154 
2205 2204 2255 
2206 2205 2156 
2207 2206 2257 
2208 2207 2158 
2209 2208 2259 
2210 2209 2160 
2211 2210 2261 
2212 2211 2162 
2213 2212 2263 
2214 2213 2164 
2215 2214 2265 
2216 2215 2166 
2217 2216 2267 
2218 2217 2168 
2219 2218 2269 
2220 2219 2170 
2221 2220 2271 
2222 2221 2172 
2223 2222 2273 
2224 2223 2174 
2225 2224 2275 
2226 2225 2176 
2227 2226 2277 
2228 2227 2178 
2229 2228 2279 
2230 2229 2180 
2231 2230 2281 
2232 2231 2182 
2233 2232 2283 
2234 2233 2184 
2235 2234 2285 
2236 2235 2186 
2237 2236 2287 
2238 2237 2188 
2239 2238 2289 
2240 2239 2190 
2241 2240 2291 
2242 2241 2192 
2243 2242 2293 
2244 2243 2194 
2245 2244 2295 
2246 2245 2196 
2247 2246 2297 
2248 2247 2198 
2249 2248 2299 
2250 2249 2200 
2251 2252 2301 
2252 2253 2202 
2253 2254 2303 
2254 2255 2204 
2255 2256 2305 
2256 2257 2206 
2257 2258 2307 
2258 2259 2208 
2259 2260 2309 
2260 2261 2210 
2261 2262 2311 
2262 2263 2212 
2263 2264 2313 
2264 2265 2214 
2265 2266 2315 
2266 2267 2216 
2267 2268 2317 
2268 2269 2218 
2269 2270 2319 
2270 2271 2220 
2271 2272 2321 
2272 2273 2222 
2273 2274 2323 
2274 2275 2224 
2275 2276 2325 
2276 2277 2226 
2277 2278 2327 
2278 2279 2228 
2279 2280 2329 
2280 2281 2230 
2281 2282 2331 
2282 2283 2232 
2283 2284 2333 
2284 2285 2234 
2285 2286 2335 
2286 2287 2236 
2287 2288 2337 
2288 2289 2238 
2289 2290 2339 
2290 2291 2240 
2291 2292 2341 
2292 2293 2242 
2293 2294 2343 
2294 2295 2244 
2295 2296 2345 
2296 2297 2246 
2297 2298 2347 
2298 2299 2248 
2299 2300 2349 
2300 2250 
2301 2351 
2302 2301 2252 
2303 2302 2353 
2304 2303 2254 
2305 2304 2355 
2306 2305 2256 
2307 2306 2357 
2308 2307 2258 
2309 2308 2359 
2310 2309 2260 
2311 2310 2361 
2312 2311 2262 
2313 2312 2363 
2314 2313 2264 
2315 2314 2365 
2316 2315 2266 
2317 2316 2367 
2318 2317 2268 
2319 2318 2369 
2320 2319 2270 
2321 2320 2371 
2322 2321 2272 
2323 2322 2373 
2324 2323 2274 
2325 2324 2375 
2326 2325 2276 
2327 2326 2377 
2328 2327 2278 
2329 2328 2379 
2330 2329 2280 
2331 2330 2381 
2332 2331 2282 
2333 2332 2383 
2334 2333 2284 
2335 2334 2385 
2336 2335 2286 
2337 2336 2387 
2338 2337 2288 
2339 2338 2389 
2340 2339 2290 
2341 2340 2391 
2342 2341 2292 
2343 2342 2393 
2344 2343 2294 
2345 2344 2395 
2346 2345 2296 
2347 2346 2397 
2348 2347 2298 
2349 2348 2399 
2350 2349 2300 
2351 2352 2401 
2352 2353 2302 
2353 2354 2403 
2354 2355 2304 
2355 2356 2405 
2356 2357 2306 
2357 2358 2407 
2358 2359 2308 
2359 2360 2409 
2360 2361 2310 
2361 2362 2411 
2362 2363 2312 
2363 2364 2413 
2364 2365 2314 
2365 2366 2415 
2366 2367 2316 
2367 2368 2417 
2368 2369 2318 
2369 2370 2419 
2370 2371 2320 
2371 2372 2421 
2372 2373 2322 
2373 2374 2423 
2374 2375 2324 
2375 2376 2425 
2376 2377 2326 
2377 2378 2427 
2378 2379 2328 
2379 2380 2429 
2380 2381 2330 
2381 2382 2431 
2382 2383 2332 
2383 2384 2433 
2384 2385 2334 
2385 2386 2435 
2386 2387 2336 
2387 2388 2437 
2388 2389 2338 
2389 2390 2439 
2390 2391 2340 
2391 2392 2441 
2392 2393 2342 
2393 2394 2443 
2394 2395 2344 
2395 2396 2445 
2396 2397 2346 
2397 2398 2447 
2398 2399 2348 
2399 2400 2449 
2400 2350 
2401 2451 
2402 2401 2352 
2403 2402 2453 
2404 2403 2354 
2405 2404 2455 
2406 2405 2356 
2407 2406 2457 
2408 2407 2358 
2409 2408 2459 
2410 2409 2360 
2411 2410 2461 
2412 2411 2362 
2413 2412 2463 
2414 2413 2364 
2415 2414 2465 
2416 2415 2366 
2417 2416 2467 
2418 2417 2368 
2419 2418 2469 
2420 2419 2370 
2421 2420 2471 
2422 2421 2372 
2423 2422 2473 
2424 2423 2374 
2425 2424 2475 
2426 2425 2376 
2427 2426 2477 
2428 2427 2378 
2429 2428 2479 
2430 2429 2380 
2431 2430 2481 
2432 2431 2382 
2433 2432 2483 
2434 2433 2384 
2435 2434 2485 
2436 2435 2386 
2437 2436 2487 
2438 2437 2388 
2439 2438 2489 
2440 2439 2390 
2441 2440 2491 
2442 2441 2392 
2443 2442 2493 
2444 2443 2394 
2445 2444 2495 
2446 2445 2396 
2447 2446 2497 
2448 2447 2398 
2449 2448 2499 
2450 2449 2400 
2451 2452 
2452 2453 2402 
2453 2454 
2454 2455 2404 
2455 2456 
2456 2457 2406 
2457 2458 
2458 2459 2408 
2459 2460 
2460 2461 2410 
2461 2462 
2462 2463 2412 
2463 2464 
2464 2465 2414 
2465 2466 
2466 2467 2416 
2467 2468 
2468 2469 2418 
2469 2470 
2470 2471 2420 
2471 2472 
2472 2473 2422 
2473 2474 
2474 2475 2424 
2475 2476 
2476 2477 2426 
2477 2478 
2478 2479 2428 
2479 2480 
2480 2481 2430 
2481 2482 
2482 2483 2432 
2483 2484 
2484 2485 2434 
2485 2486 
2486 2487 2436 
2487 2488 
2488 2489 2438 
2489 2490 
2490 2491 2440 
2491 2492 
2492 2493 2442 
2493 2494 
2494 2495 2444 
2495 2496 
2496 2497 2446 
2497 2498 
2498 2499 2448 
2499 2500 
2500 2450 
